agua;0;1;0;0;0;0;0
amor;0;0;0;1;0;1;0
assoviar;0;0;0;0;0;0;1
atrasado;0;0;0;0;2;0;0
cabelo;0;0;0;0;0;1;0
caminho;0;0;0;0;1;0;0
cancao;0;1;0;0;0;0;0
casa;0;0;1;1;0;0;0
chateado;0;0;0;0;0;0;1
coisa;0;0;0;1;0;0;1
confiar;0;0;0;1;0;0;0
cruzar;0;1;0;0;0;0;0
desbotado;1;0;0;0;0;0;0
desistir;1;0;0;0;0;0;0
deus;0;1;0;0;1;0;0
doce;0;0;0;0;0;1;0
dormir;0;0;0;0;1;0;0
errado;0;0;0;1;1;0;0
fe;0;2;0;0;0;0;0
ficar;2;0;1;2;0;0;0
flor;0;0;0;0;0;1;0
gato;0;0;3;0;0;0;0
indio;0;0;0;0;0;3;0
lado;0;0;0;0;0;0;5
livre;0;0;1;0;0;0;0
louco;0;0;1;0;0;0;1
lua;0;0;1;0;0;1;0
lutar;1;0;0;0;0;0;0
luz;1;0;1;0;0;0;0
motivo;0;0;0;0;0;0;1
mulher;0;0;0;1;0;0;0
noite;0;0;1;0;0;1;0
nunca;0;0;0;1;3;0;0
olhar;0;0;0;0;0;0;4
ombro;0;0;0;0;0;1;0
parado;1;0;0;0;0;0;0
pe;1;1;0;0;0;0;0
pecado;0;0;0;0;1;0;0
perdido;0;1;0;0;0;0;0
perigo;0;0;0;1;1;0;0
pobre;0;0;1;0;0;0;0
ponte;0;1;0;0;0;0;0
praia;0;0;0;0;1;0;0
rosa;0;0;0;0;0;1;0
rua;0;0;1;0;0;0;0
sempre;0;0;0;0;0;0;4
sorrir;1;0;0;0;0;1;1
sozinho;1;0;0;0;0;0;0
tentar;0;2;0;0;0;0;0
trabalho;0;0;0;0;1;0;0
velho;1;0;0;0;0;0;0
vida;0;1;0;1;0;0;6
